positif,netral,negatif,predict,actual
0.990843286,0.001229516,0.007927198,Positif,Positif
0.479456011,0.383081716,0.137462273,Positif,Negatif
0.372164763,0.288530025,0.339305212,Positif,Netral
0.540709558,0.227358022,0.23193242,Positif,Negatif
0.930725674,0.051781995,0.017492331,Positif,Positif
0.474700205,0.40451737,0.120782425,Positif,Positif
0.966198426,0.023886925,0.009914649,Positif,Positif
0.571505571,0.348183605,0.080310824,Positif,Positif
0.749600446,0.174267566,0.076131987,Positif,Positif
0.333605017,0.53518066,0.131214323,Netral,Positif
0.888873178,0.093086608,0.018040214,Positif,Positif
0.025832829,0.033694034,0.940473137,Negatif,Negatif
0.322953537,0.584601639,0.092444823,Netral,Netral
0.849058637,0.015550389,0.135390974,Positif,Positif
0.426122942,0.45287221,0.121004848,Netral,Netral
0.579942401,0.257963155,0.162094444,Positif,Positif
0.985443481,0.009869998,0.004686521,Positif,Positif
0.377636487,0.518359069,0.104004444,Netral,Netral
0.832064155,0.123281746,0.044654099,Positif,Negatif
0.433409485,0.404000073,0.162590442,Positif,Positif
0.911335579,0.077421858,0.011242563,Positif,Positif
0.945236172,0.033879507,0.020884321,Positif,Positif
0.861840169,0.101908062,0.036251768,Positif,Positif
0.503925535,0.385828797,0.110245667,Positif,Positif
0.624632757,0.28167326,0.093693984,Positif,Positif
0.458162423,0.486756341,0.055081236,Netral,Positif
0.819089762,0.154511823,0.026398415,Positif,Positif
0.979290491,0.01289254,0.007816968,Positif,Positif
0.52221782,0.369440396,0.108341784,Positif,Positif
0.573852317,0.29438515,0.131762534,Positif,Positif
0.923064466,0.059216612,0.017718922,Positif,Positif
0.269553705,0.103123736,0.627322559,Negatif,Negatif
0.611657695,0.287963953,0.100378352,Positif,Positif
0.054144869,0.270672895,0.675182236,Negatif,Negatif
0.526907366,0.405650912,0.067441722,Positif,Positif
0.753587631,0.178615651,0.067796719,Positif,Positif
0.929344444,0.058695187,0.011960369,Positif,Positif
0.490320163,0.438867789,0.070812048,Positif,Netral
0.950165826,0.026563743,0.023270431,Positif,Positif
0.24630408,0.644932014,0.108763907,Netral,Netral
0.899312778,0.082862632,0.017824591,Positif,Netral
0.878397734,0.104170004,0.017432261,Positif,Positif
0.975290871,0.015266594,0.009442535,Positif,Positif
0.513423897,0.366320617,0.120255486,Positif,Positif
0.328172079,0.629946855,0.041881066,Netral,Netral
0.990945132,0.005680742,0.003374126,Positif,Positif
0.942931396,0.047902253,0.009166351,Positif,Positif
0.981863249,0.011092251,0.0070445,Positif,Positif
0.650111664,0.26523035,0.084657986,Positif,Netral
0.29925157,0.664053171,0.036695259,Netral,Netral
0.375673101,0.504016748,0.120310152,Netral,Netral
0.384852237,0.511359322,0.103788441,Netral,Positif
0.446642746,0.446658274,0.10669898,Netral,Positif
0.585071353,0.270058471,0.144870175,Positif,Positif
0.312843736,0.019279235,0.667877029,Negatif,Positif
0.986871258,0.00854092,0.004587822,Positif,Positif
0.497895536,0.376212846,0.125891618,Positif,Positif
0.0718322,0.881239886,0.046927914,Netral,Netral
0.329471176,0.637963422,0.032565402,Netral,Positif
0.422681311,0.53261522,0.044703469,Netral,Netral
0.993259206,0.002553127,0.004187666,Positif,Positif
0.390652945,0.458808427,0.150538628,Netral,Negatif
0.053536319,0.917096601,0.02936708,Netral,Netral
0.125607191,0.8337054,0.040687409,Netral,Netral
0.333605017,0.53518066,0.131214323,Netral,Netral
0.156813154,0.764754863,0.078431983,Netral,Netral
0.478095669,0.441819805,0.080084526,Positif,Netral
0.150666409,0.25052578,0.598807811,Negatif,Negatif
0.962373192,0.021182395,0.016444413,Positif,Positif
0.890036923,0.096294113,0.013668964,Positif,Positif
0.504650019,0.383572131,0.11177785,Positif,Positif
0.056867121,0.018317409,0.92481547,Negatif,Negatif
0.973621551,0.016129204,0.010249245,Positif,Positif
0.466264626,0.430647698,0.103087676,Positif,Positif
0.493896348,0.408979862,0.09712379,Positif,Netral
0.489788596,0.392079814,0.11813159,Positif,Positif
0.719396366,0.200756284,0.07984735,Positif,Positif
0.14983366,0.599772868,0.250393472,Netral,Positif
0.956105858,0.032567481,0.011326661,Positif,Positif
0.759267868,0.165167805,0.075564327,Positif,Positif
0.994544294,0.002356044,0.003099662,Positif,Positif
0.188625648,0.774234454,0.037139898,Netral,Netral
0.139739783,0.78402722,0.076232997,Netral,Netral
0.322129763,0.556732324,0.121137913,Netral,Netral
0.640738681,0.271867408,0.087393911,Positif,Positif
0.179544002,0.690700102,0.129755895,Netral,Netral
0.593162794,0.328187578,0.078649627,Positif,Positif
0.318398907,0.596954399,0.084646694,Netral,Positif
0.376946719,0.524899163,0.098154117,Netral,Positif
0.567865646,0.366141904,0.06599245,Positif,Positif
0.778220939,0.17665252,0.045126541,Positif,Positif
0.456333343,0.428904251,0.114762406,Positif,Negatif
0.350497662,0.625464789,0.02403755,Netral,Positif
0.957172735,0.024866721,0.017960545,Positif,Positif
0.562209169,0.308512099,0.129278732,Positif,Positif
0.254190857,0.097050211,0.648758932,Negatif,Positif
0.079208402,0.868011288,0.052780309,Netral,Netral
0.988705538,0.006237434,0.005057028,Positif,Positif
0.757320548,0.178543052,0.0641364,Positif,Positif
0.161230885,0.259035609,0.579733506,Negatif,Negatif
0.921619258,0.054901569,0.023479174,Positif,Positif
0.592645846,0.289355472,0.117998682,Positif,Positif
0.996137297,0.001122247,0.002740456,Positif,Positif
0.90568008,0.061568652,0.032751268,Positif,Positif
0.191312711,0.614141276,0.194546014,Netral,Netral
0.502538139,0.173143174,0.324318687,Positif,Positif
0.991653093,0.004866012,0.003480895,Positif,Netral
0.37573261,0.531579754,0.092687636,Netral,Netral
0.244556989,0.539514017,0.215928994,Netral,Netral
0.883443985,0.092145529,0.024410486,Positif,Positif
0.984438331,0.010101959,0.00545971,Positif,Positif
0.559681754,0.327682949,0.112635297,Positif,Netral
0.488420549,0.292070506,0.219508945,Positif,Positif
0.121710417,0.096949816,0.781339766,Negatif,Negatif
0.990030104,0.005595141,0.004374755,Positif,Positif
0.964511414,0.028541042,0.006947543,Positif,Positif
0.91008095,0.074423161,0.015495889,Positif,Positif
0.539019764,0.373055061,0.087925175,Positif,Netral
0.188124586,0.161117033,0.650758381,Negatif,Negatif
0.277294819,0.646695215,0.076009966,Netral,Netral
0.202013953,0.277313824,0.520672223,Negatif,Negatif
0.752646216,0.153068186,0.094285597,Positif,Positif
0.268968031,0.496702781,0.234329188,Netral,Netral
0.198941224,0.772538475,0.028520301,Netral,Netral
0.895145837,0.085185344,0.019668819,Positif,Positif
0.501763452,0.3451019,0.153134648,Positif,Netral
0.276334026,0.619921917,0.103744057,Netral,Netral
0.333494474,0.494325043,0.172180483,Netral,Negatif
0.997505363,0.001161085,0.001333553,Positif,Positif
0.559039545,0.340082549,0.100877906,Positif,Netral
0.70542876,0.228980923,0.065590317,Positif,Positif
0.994500069,0.002023427,0.003476504,Positif,Positif
0.194408842,0.637832483,0.167758675,Netral,Netral
0.821681878,0.161065105,0.017253017,Positif,Positif
0.333605017,0.53518066,0.131214323,Netral,Netral
0.384148319,0.028782001,0.58706968,Negatif,Positif
0.458798567,0.236731267,0.304470166,Positif,Positif
0.40586922,0.430506738,0.163624042,Netral,Netral
0.952254712,0.02942986,0.018315427,Positif,Positif
0.732289351,0.222091521,0.045619128,Positif,Positif
0.586166704,0.359034147,0.054799149,Positif,Positif
0.41653878,0.414435278,0.169025941,Positif,Positif
0.960141177,0.028850026,0.011008796,Positif,Positif
0.605971168,0.243367976,0.150660856,Positif,Positif
0.89765341,0.080192072,0.022154519,Positif,Positif
0.539019764,0.373055061,0.087925175,Positif,Netral
0.321925039,0.314688233,0.363386728,Negatif,Negatif
0.930582143,0.049764675,0.019653181,Positif,Positif
0.192540439,0.716377659,0.091081902,Netral,Positif
0.404716314,0.537067392,0.058216294,Netral,Netral
0.333605017,0.53518066,0.131214323,Netral,Netral
0.10789704,0.416643825,0.475459135,Negatif,Netral
0.451395485,0.450166849,0.098437666,Positif,Netral
0.99638244,0.001151596,0.002465964,Positif,Positif
0.29021158,0.598524529,0.111263891,Netral,Positif
0.258287025,0.563901236,0.177811739,Netral,Netral
0.860077855,0.116309553,0.023612593,Positif,Positif
0.322590959,0.516724578,0.160684464,Netral,Positif
0.795132082,0.159757367,0.045110551,Positif,Positif
0.981174849,0.011967836,0.006857315,Positif,Positif
0.992989712,0.003148936,0.003861352,Positif,Positif
0.379561501,0.074297651,0.546140848,Negatif,Negatif
0.540720569,0.356184964,0.103094467,Positif,Positif
0.917672095,0.07005045,0.012277455,Positif,Positif
0.985085043,0.003175552,0.011739405,Positif,Positif
0.571322596,0.350124891,0.078552513,Positif,Netral
0.095923696,0.756416674,0.14765963,Netral,Netral
0.270517188,0.270132929,0.459349883,Negatif,Negatif
0.800350752,0.115635122,0.084014126,Positif,Positif
0.971155342,0.019933108,0.00891155,Positif,Positif
0.171744301,0.783762344,0.044493355,Netral,Netral
0.921453754,0.060933607,0.017612639,Positif,Positif
0.3933291,0.507550945,0.099119955,Netral,Netral
0.896271291,0.080405131,0.023323578,Positif,Positif
0.282617135,0.543453197,0.173929668,Netral,Netral
0.31147662,0.5521251,0.136398279,Netral,Positif
0.093516381,0.127229994,0.779253626,Negatif,Negatif
0.9664788,0.023460496,0.010060704,Positif,Positif
0.606667995,0.046570398,0.346761607,Positif,Positif
0.803006304,0.158967325,0.038026372,Positif,Positif
0.538857766,0.366332411,0.094809823,Positif,Netral
0.91319684,0.075926818,0.010876343,Positif,Positif
0.89167742,0.073416186,0.034906393,Positif,Positif
0.51214582,0.343453524,0.144400657,Positif,Positif
0.543160886,0.312833029,0.144006084,Positif,Positif
0.507925572,0.399931319,0.092143109,Positif,Positif
0.912189846,0.07182219,0.015987964,Positif,Positif
0.522074457,0.205896072,0.272029471,Positif,Positif
0.912166171,0.068608359,0.01922547,Positif,Positif
0.27032488,0.561078113,0.168597007,Netral,Netral
0.969485085,0.020036687,0.010478228,Positif,Positif
0.199346862,0.006493472,0.794159666,Negatif,Negatif
0.961070234,0.02623871,0.012691056,Positif,Positif
0.765826778,0.220157465,0.014015756,Positif,Positif
0.881289415,0.082376405,0.03633418,Positif,Positif
0.51390978,0.407531513,0.078558707,Positif,Netral
0.464244707,0.425980593,0.1097747,Positif,Netral
0.955952122,0.032162678,0.0118852,Positif,Positif
0.247662198,0.581103005,0.171234797,Netral,Netral
0.595102033,0.199988732,0.204909235,Positif,Positif
0.457606662,0.495100254,0.047293084,Netral,Netral
0.432849841,0.352471423,0.214678736,Positif,Positif
0.838498839,0.139661074,0.021840087,Positif,Positif
0.687953435,0.233536994,0.078509571,Positif,Positif
0.971580148,0.012113698,0.016306154,Positif,Positif
0.982743616,0.010190427,0.007065956,Positif,Positif
0.927435058,0.055125524,0.017439418,Positif,Positif
0.169507954,0.801724569,0.028767476,Netral,Netral
0.65774869,0.286980557,0.055270752,Positif,Positif
0.984965284,0.003257482,0.011777235,Positif,Positif
0.951450175,0.022971228,0.025578598,Positif,Positif
0.944739674,0.035688111,0.019572215,Positif,Positif
0.628740583,0.354224309,0.017035109,Positif,Netral
0.809536973,0.088447387,0.102015639,Positif,Positif
0.719396366,0.200756284,0.07984735,Positif,Positif
0.445860151,0.497154395,0.056985454,Netral,Netral
0.408454655,0.47492714,0.116618205,Netral,Positif
0.053536319,0.917096601,0.02936708,Netral,Netral
0.356134541,0.449803989,0.194061471,Netral,Positif
0.690045354,0.221761704,0.088192942,Positif,Negatif
0.550939179,0.269977315,0.179083506,Positif,Positif
0.413945773,0.483890088,0.102164139,Netral,Netral
0.629112777,0.246435705,0.124451518,Positif,Positif
0.7452369,0.211817569,0.042945531,Positif,Negatif
0.995186856,0.001889397,0.002923747,Positif,Positif
0.993818271,0.003654428,0.002527301,Positif,Positif
0.869792477,0.100845138,0.029362385,Positif,Positif
0.943022838,0.043668973,0.013308189,Positif,Positif
0.90582999,0.071119454,0.023050557,Positif,Positif
0.662310983,0.228189248,0.109499769,Positif,Positif
0.408007566,0.336692,0.255300434,Positif,Negatif
0.375372614,0.554360224,0.070267163,Netral,Netral
0.59587114,0.30518262,0.09894624,Positif,Positif
0.91250221,0.055646641,0.031851149,Positif,Positif
0.844804721,0.14035159,0.01484369,Positif,Positif
0.905249458,0.069864351,0.024886191,Positif,Netral
0.092283408,0.134110554,0.773606038,Negatif,Negatif
0.994925922,0.001689327,0.003384751,Positif,Positif
0.629827552,0.320489471,0.049682977,Positif,Positif
0.804230975,0.171550115,0.02421891,Positif,Positif
0.066799964,0.21512709,0.718072946,Negatif,Negatif
0.269744446,0.577200649,0.153054905,Netral,Positif
0.830780529,0.130097622,0.039121849,Positif,Positif
0.312863221,0.560977806,0.126158973,Netral,Netral
0.929213159,0.045257637,0.025529204,Positif,Positif
0.408255514,0.41094305,0.180801435,Netral,Positif
0.384395238,0.501797601,0.113807161,Netral,Positif
0.996915003,0.001000248,0.002084748,Positif,Positif
0.575427789,0.314168379,0.110403832,Positif,Positif
0.399072677,0.400287798,0.200639524,Netral,Netral
0.450703182,0.485797832,0.063498987,Netral,Netral
0.533738009,0.434640281,0.031621711,Positif,Positif
0.274168972,0.492309045,0.233521983,Netral,Netral
0.364367307,0.544635208,0.090997485,Netral,Netral
0.362146215,0.485616723,0.152237062,Netral,Netral
0.875991291,0.106450389,0.01755832,Positif,Positif
0.841127674,0.116862707,0.042009619,Positif,Positif
0.236521025,0.595347845,0.168131131,Netral,Netral
0.36744096,0.502813664,0.129745376,Netral,Positif
0.426589401,0.423174101,0.150236498,Positif,Netral
0.175787827,0.784406619,0.039805555,Netral,Netral
0.233260139,0.662371949,0.104367912,Netral,Netral
0.666837397,0.292143192,0.041019412,Positif,Positif
0.206426185,0.658157406,0.135416409,Netral,Netral
0.116092675,0.737297424,0.146609901,Netral,Netral
0.300829519,0.614432761,0.08473772,Netral,Positif
0.888871045,0.08469503,0.026433924,Positif,Positif
0.860754338,0.120976252,0.01826941,Positif,Positif
0.977225081,0.015376808,0.007398111,Positif,Positif
0.144209276,0.13715358,0.718637144,Negatif,Negatif
0.912478684,0.050899704,0.036621612,Positif,Positif
0.496556026,0.418078669,0.085365306,Positif,Netral
0.311269088,0.527687009,0.161043903,Netral,Netral
0.559477726,0.31387116,0.126651114,Positif,Positif
0.581501755,0.188037506,0.230460739,Positif,Positif
0.372140005,0.425276248,0.202583747,Netral,Netral
0.138582104,0.740285955,0.121131941,Netral,Netral
0.788028312,0.166584243,0.045387445,Positif,Positif
0.585071353,0.270058471,0.144870175,Positif,Positif
0.81903003,0.119280215,0.061689755,Positif,Positif
0.151376925,0.777400938,0.071222138,Netral,Netral
0.778769606,0.194974649,0.026255745,Positif,Positif
0.944565176,0.03725019,0.018184634,Positif,Positif
0.900309687,0.071898599,0.027791714,Positif,Netral
0.850608147,0.106206371,0.043185483,Positif,Positif
0.928888707,0.059638304,0.011472989,Positif,Positif
0.954185138,0.033441192,0.01237367,Positif,Positif
0.640112851,0.253794057,0.106093092,Positif,Positif
0.884475536,0.09153628,0.023988183,Positif,Positif
0.438532683,0.446109957,0.11535736,Netral,Netral
0.770420847,0.176386764,0.053192388,Positif,Positif
0.248701442,0.646049567,0.105248991,Netral,Netral
0.435472212,0.319409864,0.245117925,Positif,Negatif
0.205614154,0.628514171,0.165871675,Netral,Negatif
0.942988259,0.013063024,0.043948717,Positif,Positif
0.303475135,0.00600004,0.690524826,Negatif,Negatif
0.652563917,0.287221356,0.060214727,Positif,Positif
0.696466401,0.231695821,0.071837778,Positif,Positif
0.645179939,0.27876666,0.076053401,Positif,Positif
0.665575916,0.250357557,0.084066527,Positif,Positif
0.333605017,0.53518066,0.131214323,Netral,Netral
0.83733139,0.1218941,0.04077451,Positif,Positif
0.978565413,0.014390612,0.007043975,Positif,Positif
0.961622961,0.029171911,0.009205127,Positif,Positif
0.957076166,0.031024918,0.011898916,Positif,Positif
0.944732153,0.038326037,0.016941811,Positif,Positif
0.44420712,0.429956259,0.125836621,Positif,Negatif
0.826325547,0.151858836,0.021815617,Positif,Positif
0.208322655,0.70188024,0.089797105,Netral,Negatif
0.993650034,0.000672475,0.005677491,Positif,Positif
0.333605017,0.53518066,0.131214323,Netral,Netral
0.38564552,0.374493437,0.239861043,Positif,Netral
0.939935538,0.042251165,0.017813297,Positif,Positif
0.385134951,0.448523825,0.166341224,Netral,Negatif
0.20566208,0.628177937,0.166159983,Netral,Netral
0.475145451,0.435291596,0.089562953,Positif,Positif
0.977112757,0.008683025,0.014204218,Positif,Positif
0.442895408,0.498569584,0.058535008,Netral,Positif
0.334345351,0.575326178,0.090328471,Netral,Netral
0.300500249,0.492410159,0.207089592,Netral,Negatif
0.988705538,0.006237434,0.005057028,Positif,Positif
0.96311108,0.028155589,0.008733331,Positif,Positif
0.215557035,0.534258575,0.25018439,Netral,Netral
0.40353345,0.497717021,0.098749529,Netral,Netral
0.053536319,0.917096601,0.02936708,Netral,Netral
0.306161164,0.579215254,0.114623582,Netral,Netral
0.590255072,0.253859955,0.155884973,Positif,Positif
0.625463394,0.286046501,0.088490105,Positif,Positif
0.323344054,0.545335325,0.131320621,Netral,Positif
0.991432778,0.004875992,0.00369123,Positif,Positif
0.962817413,0.022335068,0.01484752,Positif,Positif
0.550762032,0.298824471,0.150413498,Positif,Netral
0.54751093,0.316674615,0.135814456,Positif,Positif
0.614993775,0.271858388,0.113147836,Positif,Positif
0.994023769,0.00369827,0.002277961,Positif,Positif
0.351040202,0.575135401,0.073824397,Netral,Netral
0.443218922,0.461654174,0.095126904,Netral,Netral
0.284612542,0.607896988,0.10749047,Netral,Netral
0.795132082,0.159757367,0.045110551,Positif,Positif
0.780517858,0.202410291,0.017071852,Positif,Positif
0.481194969,0.416922392,0.101882639,Positif,Positif
0.139739783,0.78402722,0.076232997,Netral,Netral
0.292110203,0.607260058,0.100629739,Netral,Netral
0.569008271,0.194444356,0.236547373,Positif,Negatif
0.951450175,0.022971228,0.025578598,Positif,Positif
0.982175328,0.012308875,0.005515797,Positif,Positif
0.464562019,0.443684538,0.091753443,Positif,Negatif
0.954146019,0.027126773,0.018727208,Positif,Positif
0.37375541,0.40306403,0.223180561,Netral,Netral
0.326791553,0.508085307,0.16512314,Netral,Netral
0.385362849,0.322368401,0.29226875,Positif,Negatif
0.248962016,0.697736469,0.053301515,Netral,Netral
0.856625158,0.100734229,0.042640613,Positif,Positif
0.905008185,0.074981693,0.020010123,Positif,Positif
0.213793218,0.670919669,0.115287112,Netral,Netral
0.791611474,0.168154039,0.040234487,Positif,Positif
0.813440882,0.152724084,0.033835034,Positif,Netral
0.171063481,0.76212965,0.066806869,Netral,Netral
0.092283408,0.134110554,0.773606038,Negatif,Negatif
0.960322683,0.028163745,0.011513572,Positif,Positif
0.49524325,0.382323105,0.122433645,Positif,Positif
0.984819413,0.008919936,0.006260651,Positif,Positif
0.394822629,0.422599067,0.182578305,Netral,Netral
0.090667846,0.855973885,0.05335827,Netral,Netral
0.742530784,0.124400795,0.13306842,Positif,Negatif
0.102868861,0.264000121,0.633131018,Negatif,Negatif
0.988260757,0.006634057,0.005105187,Positif,Positif
0.719098606,0.200085604,0.080815791,Positif,Netral
0.989881578,0.005315979,0.004802443,Positif,Positif
0.589519441,0.316812959,0.0936676,Positif,Positif
0.267611635,0.5343477,0.198040665,Netral,Netral
0.997281604,0.000749158,0.001969238,Positif,Positif
0.186613081,0.361200738,0.452186181,Negatif,Negatif
0.18218924,0.10685193,0.71095883,Negatif,Negatif
0.944524711,0.042124983,0.013350306,Positif,Netral
0.902195205,0.08459376,0.013211035,Positif,Netral
0.190134563,0.206174315,0.603691123,Negatif,Negatif
0.664556574,0.245241339,0.090202087,Positif,Positif
0.952171083,0.038814944,0.009013974,Positif,Positif
0.418941832,0.420887871,0.160170297,Netral,Netral
0.881081528,0.075461839,0.043456633,Positif,Positif
0.289755729,0.500891603,0.209352667,Netral,Netral
0.444804709,0.408290873,0.146904418,Positif,Negatif
0.883443985,0.092145529,0.024410486,Positif,Positif
0.615642121,0.362893926,0.021463953,Positif,Netral
0.411327913,0.490515712,0.098156375,Netral,Positif
0.379973822,0.551614948,0.06841123,Netral,Netral
0.465338923,0.034661736,0.499999341,Negatif,Negatif
0.493896348,0.408979862,0.09712379,Positif,Netral
0.875233801,0.00430854,0.120457659,Positif,Negatif
0.266965812,0.663862398,0.06917179,Netral,Netral
0.465063574,0.444733582,0.090202844,Positif,Netral
0.839904666,0.070641992,0.089453343,Positif,Positif
0.17979473,0.61100471,0.20920056,Netral,Netral
0.09111799,0.856163619,0.052718392,Netral,Netral
0.530740226,0.37232688,0.096932894,Positif,Positif
0.856358957,0.116852038,0.026789005,Positif,Positif
0.031775172,0.946862339,0.021362489,Netral,Positif
0.233260139,0.662371949,0.104367912,Netral,Netral
0.325189298,0.592166029,0.082644673,Netral,Netral
0.631644703,0.254205716,0.11414958,Positif,Positif
0.309427166,0.605672327,0.084900508,Netral,Netral
0.414150578,0.448170078,0.137679344,Netral,Netral
0.44284618,0.335178703,0.221975116,Positif,Positif
0.444050542,0.435745743,0.120203716,Positif,Positif
0.133553805,0.805166326,0.061279869,Netral,Netral
0.899412236,0.073019103,0.027568661,Positif,Positif
0.219383216,0.733017078,0.047599706,Netral,Netral
0.939953986,0.044475954,0.01557006,Positif,Positif
0.418887241,0.476756592,0.104356166,Netral,Netral
0.3473999,0.574832058,0.077768042,Netral,Netral
0.390251396,0.427095512,0.182653092,Netral,Netral
0.940368899,0.050138237,0.009492864,Positif,Positif
0.453278701,0.447174275,0.099547024,Positif,Positif
0.689879872,0.225242038,0.08487809,Positif,Positif
0.257733775,0.564978631,0.177287594,Netral,Netral
0.617615588,0.311057884,0.071326528,Positif,Negatif
0.480861834,0.437507222,0.081630944,Positif,Netral
0.268864455,0.530155923,0.200979622,Netral,Negatif
0.484618148,0.345874138,0.169507714,Positif,Negatif
0.29925157,0.664053171,0.036695259,Netral,Netral
0.572348062,0.34883846,0.078813478,Positif,Positif
0.422702821,0.484797871,0.092499308,Netral,Negatif
0.301451914,0.641927692,0.056620395,Netral,Positif
0.919538759,0.065349837,0.015111405,Positif,Positif
0.944917034,0.043412126,0.01167084,Positif,Positif
0.22566265,0.747012485,0.027324865,Netral,Netral
0.151326527,0.709234285,0.139439188,Netral,Netral
0.80726487,0.165416949,0.027318181,Positif,Positif
0.266017194,0.576707588,0.157275218,Netral,Netral
0.800494102,0.170980764,0.028525134,Positif,Positif
0.920159537,0.066342476,0.013497987,Positif,Positif
0.076338852,0.2121276,0.711533548,Negatif,Negatif
0.93823075,0.029821539,0.031947711,Positif,Positif
0.944536893,0.03814726,0.017315847,Positif,Positif
0.070482683,0.891359368,0.038157949,Netral,Netral
0.469097927,0.447230678,0.083671395,Positif,Positif
0.673071905,0.210934384,0.115993711,Positif,Positif
0.932817013,0.057952977,0.00923001,Positif,Positif
0.447784282,0.474372171,0.077843547,Netral,Netral
0.69513594,0.243335168,0.061528891,Positif,Positif
0.989887039,0.006125168,0.003987793,Positif,Positif
0.883806529,0.091190048,0.025003423,Positif,Positif
0.862234013,0.108239529,0.029526458,Positif,Positif
0.480445022,0.414077084,0.105477894,Positif,Negatif
0.091958073,0.833196895,0.074845032,Netral,Netral
0.383662698,0.587397485,0.028939817,Netral,Netral
0.435162142,0.45452123,0.110316627,Netral,Negatif
0.997418881,0.001047182,0.001533937,Positif,Positif
0.415507285,0.198378653,0.386114062,Positif,Negatif
0.43446396,0.471498133,0.094037907,Netral,Negatif
0.19572761,0.704853099,0.09941929,Netral,Netral
0.804889629,0.128615885,0.066494486,Positif,Positif
0.443559634,0.38335426,0.173086106,Positif,Netral
0.913955129,0.061350523,0.024694349,Positif,Positif
0.989878554,0.001548001,0.008573445,Positif,Positif
0.053536319,0.917096601,0.02936708,Netral,Netral
0.407174666,0.292676685,0.300148649,Positif,Negatif
0.966782435,0.022056805,0.011160759,Positif,Positif
0.805796536,0.151387837,0.042815627,Positif,Positif
0.390399626,0.458000916,0.151599459,Netral,Positif
0.37489432,0.408436604,0.216669076,Netral,Negatif
0.728990784,0.165752644,0.105256572,Positif,Positif
0.83600512,0.092363372,0.071631508,Positif,Positif
0.312478723,0.499446158,0.188075119,Netral,Netral
0.48547955,0.418802678,0.095717773,Positif,Positif
0.836369371,0.119789458,0.043841171,Positif,Positif
0.879759758,0.107830898,0.012409344,Positif,Positif
0.186320856,0.686119975,0.12755917,Netral,Negatif
0.885696557,0.092833293,0.02147015,Positif,Positif
0.071942971,0.07336576,0.854691269,Negatif,Negatif
0.971661463,0.01950101,0.008837527,Positif,Positif
0.373068507,0.479816518,0.147114975,Netral,Netral
0.567623484,0.297794039,0.134582477,Positif,Positif
0.220145078,0.635094164,0.144760758,Netral,Netral
0.570314219,0.320570407,0.109115374,Positif,Positif
0.512676362,0.407050852,0.080272786,Positif,Netral
0.963331505,0.024340819,0.012327676,Positif,Positif
0.220666097,0.579419934,0.199913969,Netral,Netral
0.511624367,0.362364665,0.126010967,Positif,Positif
0.868242365,0.096196122,0.035561513,Positif,Positif
0.991670589,0.001839843,0.006489568,Positif,Positif
0.867616326,0.029914758,0.102468916,Positif,Positif
0.855920433,0.097846653,0.046232914,Positif,Positif
0.782927469,0.172628015,0.044444516,Positif,Positif
0.362373664,0.474736984,0.162889352,Netral,Positif
0.271665825,0.632851435,0.09548274,Netral,Positif
0.378973983,0.528413589,0.092612429,Netral,Netral
0.886834925,0.089123898,0.024041178,Positif,Positif
0.144524402,0.116951141,0.738524457,Negatif,Negatif
0.990991296,0.005141332,0.003867372,Positif,Positif
0.861840169,0.101908062,0.036251768,Positif,Positif
0.701770309,0.186468638,0.111761053,Positif,Positif
0.176922779,0.158894209,0.664183011,Negatif,Negatif
0.808879497,0.14793077,0.043189733,Positif,Positif
0.916803719,0.059749277,0.023447005,Positif,Positif
0.544758975,0.360457361,0.094783664,Positif,Netral
0.990818562,0.005452886,0.003728552,Positif,Positif
0.612301468,0.29617528,0.091523252,Positif,Positif
0.803819767,0.160490572,0.035689661,Positif,Positif
0.918156198,0.072015201,0.0098286,Positif,Positif
0.512052063,0.46033312,0.027614817,Positif,Netral
0.20053724,0.66682174,0.13264102,Netral,Netral
0.163673918,0.72380251,0.112523572,Netral,Netral
0.993105315,0.001670924,0.005223761,Positif,Positif
0.873718269,0.104010178,0.022271554,Positif,Positif
0.979092202,0.014022713,0.006885085,Positif,Positif
0.232180652,0.666689055,0.101130293,Netral,Netral
0.053536319,0.917096601,0.02936708,Netral,Netral
0.19572761,0.704853099,0.09941929,Netral,Netral
0.261362464,0.569447504,0.169190032,Netral,Netral
0.346089375,0.604654764,0.049255861,Netral,Netral
0.652146303,0.23359761,0.114256087,Positif,Positif
0.453024194,0.420635371,0.126340435,Positif,Netral
0.246505042,0.31722066,0.436274298,Negatif,Negatif
0.234254516,0.664576969,0.101168515,Netral,Netral
0.301728444,0.513297867,0.184973688,Netral,Positif
0.896223501,0.078035826,0.025740673,Positif,Positif
0.439086819,0.399126789,0.161786392,Positif,Negatif
0.898710145,0.084369364,0.016920491,Positif,Positif
0.888050586,0.100092488,0.011856926,Positif,Netral
0.256292864,0.646409271,0.097297865,Netral,Negatif
0.974307225,0.017731117,0.007961657,Positif,Positif
0.971111697,0.02015929,0.008729013,Positif,Positif
0.922481339,0.056062834,0.021455827,Positif,Positif
0.227590934,0.456773242,0.315635823,Netral,Negatif
0.488192798,0.433801286,0.078005916,Positif,Positif
0.140202252,0.708304751,0.151492997,Netral,Netral
0.286770297,0.123693118,0.589536585,Negatif,Negatif
0.348172894,0.435558087,0.216269019,Netral,Positif
0.479180654,0.469575461,0.051243886,Positif,Netral
0.369025687,0.558478761,0.072495552,Netral,Netral
0.8119575,0.128088765,0.059953734,Positif,Positif
0.356989555,0.505358868,0.137651577,Netral,Positif
0.327737232,0.58067665,0.091586118,Netral,Positif
0.263382856,0.535523163,0.201093981,Netral,Netral
0.314173416,0.531022675,0.15480391,Netral,Positif
0.927379132,0.05706987,0.015550998,Positif,Positif
0.358794072,0.006882391,0.634323537,Negatif,Negatif
0.229090268,0.649331412,0.12157832,Netral,Netral
0.377252888,0.086323213,0.536423899,Negatif,Negatif
0.985766066,0.008449204,0.005784729,Positif,Positif
0.386668755,0.526424523,0.086906722,Netral,Netral
0.767688531,0.199351691,0.032959778,Positif,Positif
0.318139362,0.565747497,0.116113141,Netral,Netral
0.995916634,0.0018689,0.002214466,Positif,Positif
0.661695477,0.308996557,0.029307966,Positif,Positif
0.225145208,0.690683418,0.084171374,Netral,Netral
0.964472797,0.023317733,0.01220947,Positif,Positif
0.435349675,0.435001654,0.129648672,Positif,Positif
0.344230622,0.62163279,0.034136588,Netral,Netral
0.968257941,0.022019154,0.009722905,Positif,Positif
0.185549876,0.524199534,0.29025059,Netral,Netral
0.537038997,0.374479457,0.088481546,Positif,Netral
0.36384287,0.365106968,0.271050162,Netral,Netral
0.214643043,0.658930106,0.126426852,Netral,Negatif
0.820205131,0.160067771,0.019727098,Positif,Positif
0.940997788,0.0423099,0.016692312,Positif,Positif
0.986606721,0.00759893,0.005794349,Positif,Positif
0.416553159,0.348926513,0.234520328,Positif,Positif
0.250563692,0.097021904,0.652414405,Negatif,Negatif
0.989076099,0.006128052,0.00479585,Positif,Positif
0.440911245,0.464835141,0.094253613,Netral,Positif
0.242196459,0.637026327,0.120777213,Netral,Negatif
0.41051209,0.506231808,0.083256101,Netral,Positif
0.919894658,0.058670345,0.021434997,Positif,Positif
0.144574132,0.804824399,0.050601468,Netral,Netral
0.199346862,0.006493472,0.794159666,Negatif,Negatif
0.962258894,0.0246809,0.013060205,Positif,Positif
0.546849807,0.430082524,0.023067668,Positif,Netral
0.443933225,0.450628661,0.105438113,Netral,Positif
0.438406087,0.436905734,0.12468818,Positif,Netral
0.886783089,0.069869958,0.043346953,Positif,Positif
0.939758339,0.051987976,0.008253685,Positif,Positif
0.471724678,0.493872583,0.03440274,Netral,Netral
0.110537679,0.08596944,0.803492882,Negatif,Negatif
0.418259054,0.516681974,0.065058972,Netral,Netral
0.682713501,0.212574782,0.104711717,Positif,Positif
0.579392309,0.322673685,0.097934006,Positif,Positif
0.925986612,0.047893548,0.02611984,Positif,Positif
0.716204925,0.22586511,0.057929965,Positif,Positif
0.823923843,0.135014686,0.041061471,Positif,Positif
0.245613499,0.496442085,0.257944416,Netral,Netral
0.60863778,0.316684339,0.074677881,Positif,Positif
0.961070234,0.02623871,0.012691056,Positif,Positif
0.89839527,0.055679235,0.045925496,Positif,Positif
0.717180185,0.24486072,0.037959095,Positif,Positif
0.513478575,0.090305457,0.396215968,Positif,Positif
0.328834551,0.524202063,0.146963386,Netral,Netral
0.322497916,0.568404544,0.109097539,Netral,Negatif
0.521841885,0.369577436,0.108580679,Positif,Netral
0.320340954,0.564856824,0.114802222,Netral,Netral
0.979665226,0.010351798,0.009982976,Positif,Positif
0.651271202,0.281153485,0.067575313,Positif,Positif
0.923064466,0.059216612,0.017718922,Positif,Positif
0.997801502,0.000771438,0.00142706,Positif,Positif
0.903362592,0.07998186,0.016655548,Positif,Positif
0.429681176,0.411542037,0.158776787,Positif,Positif
0.651057837,0.209537314,0.139404849,Positif,Negatif
0.368274453,0.585239555,0.046485991,Netral,Netral
0.988760515,0.003362925,0.00787656,Positif,Positif
0.887429078,0.080192472,0.03237845,Positif,Negatif
0.279052842,0.227439178,0.49350798,Negatif,Negatif
0.771549684,0.157595874,0.070854442,Positif,Positif
0.265664399,0.569096295,0.165239306,Netral,Negatif
0.976045388,0.014589663,0.009364949,Positif,Positif
0.936249478,0.05322941,0.010521112,Positif,Positif
0.335159087,0.610460592,0.054380321,Netral,Positif
0.323526108,0.593135966,0.083337926,Netral,Netral
0.85406082,0.120526905,0.025412275,Positif,Positif
0.848126342,0.130461834,0.021411824,Positif,Positif
0.453024194,0.420635371,0.126340435,Positif,Netral
0.168926684,0.712934709,0.118138607,Netral,Netral
0.420889163,0.405395582,0.173715255,Positif,Negatif
0.973344865,0.019335936,0.007319199,Positif,Positif
0.977987525,0.013803981,0.008208494,Positif,Positif
0.474839654,0.410170787,0.11498956,Positif,Positif
0.500846541,0.437600948,0.061552511,Positif,Netral
0.818457916,0.14895282,0.032589264,Positif,Positif
0.896687932,0.071868307,0.031443761,Positif,Positif
0.214338706,0.678392672,0.107268622,Netral,Netral
0.354013254,0.62222258,0.023764166,Netral,Netral
0.597950864,0.300326676,0.10172246,Positif,Negatif
0.124107974,0.736628555,0.139263471,Netral,Netral
0.88276929,0.082409388,0.034821323,Positif,Positif
0.180177526,0.708208805,0.111613669,Netral,Netral
0.870822273,0.109822573,0.019355154,Positif,Positif
0.965661964,0.024994556,0.00934348,Positif,Positif
0.227997721,0.626403729,0.145598551,Netral,Netral
0.566354853,0.199858516,0.233786631,Positif,Positif
0.915179549,0.072790089,0.012030362,Positif,Positif
0.740411329,0.189398361,0.07019031,Positif,Positif
0.546093823,0.052107019,0.401799158,Positif,Positif
0.952157726,0.033998389,0.013843885,Positif,Positif
0.985514796,0.00914195,0.005343255,Positif,Positif
0.276969891,0.677508388,0.045521721,Netral,Positif
0.972697901,0.019061106,0.008240993,Positif,Positif
0.119174294,0.098299116,0.78252659,Negatif,Netral
0.439608873,0.470961149,0.089429978,Netral,Positif
0.491824323,0.292019619,0.216156058,Positif,Negatif
0.356635505,0.007127965,0.63623653,Negatif,Negatif
0.994331549,0.003482712,0.002185739,Positif,Positif
0.292334721,0.456386625,0.251278654,Netral,Netral
0.341218061,0.374065849,0.28471609,Netral,Positif
0.920613346,0.066538853,0.012847801,Positif,Positif
0.432165898,0.173999442,0.39383466,Positif,Negatif
0.580828507,0.049789146,0.369382347,Positif,Positif
0.081029926,0.697104475,0.221865599,Netral,Netral
0.185147779,0.476403894,0.338448327,Netral,Netral
0.187927866,0.655275352,0.156796782,Netral,Netral
0.942286249,0.038250965,0.019462786,Positif,Positif
0.360405986,0.603246259,0.036347755,Netral,Netral
0.785295561,0.02872478,0.185979658,Positif,Positif
0.246392479,0.652983363,0.100624159,Netral,Netral
0.8870683,0.088868729,0.024062971,Positif,Positif
0.297856043,0.428749616,0.273394341,Netral,Netral
0.602965087,0.246800515,0.150234398,Positif,Positif
0.929672947,0.059072758,0.011254295,Positif,Positif
0.988579293,0.007401644,0.004019063,Positif,Positif
0.986844283,0.00670938,0.006446337,Positif,Positif
0.72566426,0.177258867,0.097076873,Positif,Positif
0.599306767,0.222587297,0.178105935,Positif,Positif
0.61535379,0.177602804,0.207043406,Positif,Positif
0.053536319,0.917096601,0.02936708,Netral,Netral
0.882796914,0.09940523,0.017797856,Positif,Positif
0.761835433,0.068687747,0.16947682,Positif,Positif
0.265689446,0.659494464,0.074816089,Netral,Netral
0.490589969,0.27862663,0.230783401,Positif,Positif
0.383416845,0.530669822,0.085913334,Netral,Netral
0.393759212,0.548604801,0.057635987,Netral,Netral
0.213453358,0.41729975,0.369246892,Netral,Negatif
0.400419222,0.455714052,0.143866727,Netral,Negatif
0.422214515,0.443172606,0.134612879,Netral,Netral
0.852703673,0.129281122,0.018015205,Positif,Positif
0.653384103,0.236899853,0.109716043,Positif,Positif
0.920973919,0.064168063,0.014858018,Positif,Positif
0.884097426,0.098365686,0.017536888,Positif,Positif
0.976743866,0.016423403,0.00683273,Positif,Positif
0.621546651,0.290385502,0.088067847,Positif,Positif
0.383493629,0.423683863,0.192822508,Netral,Positif
0.904643475,0.079444306,0.015912219,Positif,Positif
0.146673994,0.25760324,0.595722766,Negatif,Negatif
0.287488112,0.624607166,0.087904722,Netral,Netral
0.116993428,0.148733778,0.734272794,Negatif,Negatif
0.984944203,0.004195804,0.010859993,Positif,Positif
0.19868915,0.495982911,0.305327938,Netral,Positif
0.260415741,0.611217846,0.128366413,Netral,Netral
0.975927295,0.016086982,0.007985723,Positif,Positif
0.873744913,0.084435507,0.04181958,Positif,Positif
0.350954067,0.540716723,0.108329211,Netral,Positif
0.616018511,0.305029566,0.078951923,Positif,Netral
0.173652197,0.167660214,0.65868759,Negatif,Negatif
0.642774569,0.273756754,0.083468677,Positif,Positif
0.899680045,0.085476832,0.014843123,Positif,Positif
0.820300515,0.023289774,0.15640971,Positif,Positif
0.985263088,0.009203703,0.005533209,Positif,Positif
0.972979949,0.01907702,0.007943031,Positif,Positif
0.367469396,0.461225294,0.17130531,Netral,Netral
0.412656699,0.452668089,0.134675212,Netral,Netral
0.164065862,0.727100323,0.108833815,Netral,Netral
0.933801317,0.059029295,0.007169388,Positif,Positif
0.276280148,0.636152354,0.087567498,Netral,Netral
0.987257331,0.001686423,0.011056246,Positif,Positif
0.456597997,0.419973213,0.12342879,Positif,Netral
0.474766027,0.45277633,0.072457643,Positif,Netral
0.983549158,0.010961107,0.005489736,Positif,Positif
0.776661911,0.177590559,0.04574753,Positif,Positif
0.990129828,0.001322972,0.0085472,Positif,Positif
0.239169362,0.553973947,0.206856691,Netral,Netral
0.299780123,0.641662831,0.058557046,Netral,Netral
0.94451606,0.034397347,0.021086593,Positif,Positif
0.903175236,0.077909853,0.018914911,Positif,Positif
0.601835568,0.276153871,0.122010561,Positif,Positif
0.498330437,0.392624262,0.1090453,Positif,Netral
0.322760474,0.501637503,0.175602023,Netral,Netral
0.788549105,0.159478384,0.051972512,Positif,Positif
0.189867592,0.700142431,0.109989976,Netral,Netral
0.895807413,0.091286663,0.012905924,Positif,Positif
0.327343653,0.513957694,0.158698653,Netral,Netral
0.405522933,0.495953826,0.09852324,Netral,Positif
0.908691483,0.072381557,0.01892696,Positif,Positif
0.297345723,0.241523678,0.461130599,Negatif,Negatif
0.294459831,0.634946119,0.070594049,Netral,Netral
0.765978682,0.181901789,0.052119529,Positif,Positif
0.391183901,0.5477967,0.061019399,Netral,Positif
0.989915123,0.005984405,0.004100472,Positif,Positif
0.420697584,0.48460222,0.094700196,Netral,Positif
0.671001735,0.149420826,0.179577438,Positif,Positif
0.303110529,0.605924975,0.090964497,Netral,Netral
0.904422682,0.005732272,0.089845046,Positif,Positif
0.894139507,0.070564899,0.035295594,Positif,Positif
0.333605017,0.53518066,0.131214323,Netral,Netral
0.071108689,0.027199908,0.901691403,Negatif,Negatif
0.961460081,0.027325919,0.011214,Positif,Positif
0.089637974,0.10828599,0.802076036,Negatif,Negatif
0.277558373,0.666275764,0.056165863,Netral,Netral
0.996135397,0.001511376,0.002353227,Positif,Positif
0.18496554,0.174939074,0.640095387,Negatif,Negatif
0.168042391,0.765841854,0.066115755,Netral,Netral
0.59157471,0.326371,0.082054291,Positif,Positif
0.035212921,0.021175852,0.943611227,Negatif,Negatif
0.29925157,0.664053171,0.036695259,Netral,Netral
0.9772407,0.014761387,0.007997912,Positif,Positif
0.578729089,0.379286897,0.041984014,Positif,Positif
0.971885561,0.021587314,0.006527125,Positif,Positif
0.650802209,0.289513705,0.059684086,Positif,Positif
0.543154904,0.349380627,0.107464469,Positif,Positif
0.619235932,0.300768386,0.079995682,Positif,Positif
0.136704272,0.442940647,0.420355081,Netral,Negatif
0.238254564,0.655502129,0.106243307,Netral,Negatif
0.310409046,0.607288359,0.082302594,Netral,Netral
0.184667296,0.78208703,0.033245674,Netral,Netral
0.325870013,0.561926899,0.112203088,Netral,Netral
0.84093855,0.130094709,0.028966742,Positif,Positif
0.252977014,0.579247501,0.167775486,Netral,Negatif
0.200247065,0.539192966,0.260559969,Netral,Negatif
0.907917863,0.047805868,0.044276269,Positif,Positif
0.661695477,0.308996557,0.029307966,Positif,Positif
0.356610293,0.493565217,0.14982449,Netral,Positif
0.983184697,0.006557463,0.01025784,Positif,Positif
0.917292269,0.068053269,0.014654462,Positif,Positif
0.912477226,0.06200875,0.025514023,Positif,Positif
0.053536319,0.917096601,0.02936708,Netral,Netral
0.226283618,0.640751084,0.132965299,Netral,Negatif
0.926477624,0.055898792,0.017623584,Positif,Positif
0.537009991,0.380804021,0.082185988,Positif,Positif
0.153483882,0.804024568,0.042491549,Netral,Netral
0.175787827,0.784406619,0.039805555,Netral,Netral
